0 12 13 4 
0 12 13 4 11 1 
0 12 13 4 1 
0 12 13 7 8 
0 12 13 7 8 14 4 
0 12 13 7 8 14 4 11 1 
0 12 13 7 8 14 4 1 
0 12 13 7 8 14 10 5 9 4 
0 12 13 7 8 14 10 5 9 4 11 1 
0 12 13 7 8 14 10 5 9 4 1 
0 12 13 7 8 14 10 5 15 9 4 
0 12 13 7 8 14 10 5 15 9 4 11 1 
0 12 13 7 8 14 10 5 15 9 4 1 
0 12 13 7 8 14 10 4 
0 12 13 7 8 14 10 4 11 1 
0 12 13 7 8 14 10 4 1 
0 12 13 7 1 
0 12 15 9 4 
0 12 15 9 4 11 1 13 7 8 
0 12 15 9 4 11 1 
0 12 15 9 4 1 13 7 8 
0 12 15 9 4 1 
1 13 4 11 
1 13 4 
1 13 7 8 14 4 11 
1 13 7 8 14 4 
1 13 7 8 14 10 5 9 4 11 
1 13 7 8 14 10 5 9 4 
1 13 7 8 14 10 5 15 9 4 11 
1 13 7 8 14 10 5 15 9 4 
1 13 7 8 14 10 4 11 
1 13 7 8 14 10 4 
1 13 7 12 15 9 4 11 
1 13 7 12 15 9 4 
1 13 7 
1 11 
5 7 8 14 10 
7 8 14 13 
7 12 13 
10 14 
