1 3 12 15 2 5 
1 3 12 9 6 5 
1 3 12 9 6 15 2 5 
1 3 12 10 6 5 
1 3 12 10 6 15 2 5 
1 11 4 3 12 15 2 5 
1 11 4 3 12 9 6 5 
1 11 4 3 12 9 6 15 2 5 
1 11 4 3 12 10 6 5 
1 11 4 3 12 10 6 15 2 5 
1 11 4 5 
1 11 4 15 2 5 
1 11 4 15 3 12 9 6 5 
1 11 4 15 3 12 10 6 5 
2 5 13 3 12 15 
2 5 13 3 12 9 6 15 
2 5 13 3 12 10 6 15 
2 5 13 4 3 12 15 
2 5 13 4 3 12 9 6 15 
2 5 13 4 3 12 10 6 15 
2 5 13 4 15 
3 12 
3 12 15 
3 12 9 
3 12 9 6 5 13 
3 12 9 6 5 13 4 
3 12 9 6 5 13 4 15 
3 12 9 6 15 
3 12 9 8 
3 12 10 8 
3 12 10 6 5 13 
3 12 10 6 5 13 4 
3 12 10 6 5 13 4 15 
3 12 10 6 15 
4 5 13 
6 12 9 
6 12 10 
7 14 
8 12 9 
8 12 10 
