0 8 12 11 7 14 
0 8 12 9 6 14 
0 8 12 9 6 11 7 14 
0 8 12 9 10 14 
0 8 12 9 10 5 11 7 14 
0 8 12 9 
0 8 12 15 5 11 7 14 
0 8 12 15 11 7 14 
0 7 8 12 9 6 14 
0 7 8 12 9 10 14 
0 7 8 12 9 
0 7 14 
0 6 14 1 7 8 12 9 
0 6 14 
0 6 14 13 1 7 8 12 9 
0 6 14 13 5 11 7 8 12 9 
0 6 11 7 8 12 9 10 14 
0 6 11 7 8 12 9 
0 6 11 7 14 
1 7 
1 7 8 12 9 6 14 
1 7 8 12 9 6 14 13 
1 7 8 12 9 10 14 
1 7 8 12 9 10 14 13 
1 7 14 
1 7 14 13 
5 11 7 8 12 9 6 14 13 
5 11 7 8 12 9 10 14 13 
5 11 7 8 12 9 10 
5 11 7 8 12 15 
5 11 7 14 13 
6 11 7 8 12 9 
7 8 12 11 
7 8 12 15 11 
8 12 9 
9 10 12 
